ru: 573,54
1 234 567 890
ru: 573,54
1 234 567 890
ru_CYRL: 573,54
1 234 567 890
ru: 573,54
1 234 567 890
ru_CYRL: 573,54
1 234 567 890
ko: 573.54
1,234,567,890
ru: 573,54
1 234 567 890
ru_CYRL: 573,54
1 234 567 890
ko: 573.54
1,234,567,890
ja_JP: 573.54
1,234,567,890
ru: 573,54
1 234 567 890
ru_CYRL: 573,54
1 234 567 890
ko: 573.54
1,234,567,890
ja_JP: 573.54
1,234,567,890
th: 573.54
1,234,567,890
ru: 573,54
1 234 567 890
ru_CYRL: 573,54
1 234 567 890
ko: 573.54
1,234,567,890
ja_JP: 573.54
1,234,567,890
th: 573.54
1,234,567,890
th_TH: 573.54
1,234,567,890
ru: 573,54
1 234 567 890
ru_CYRL: 573,54
1 234 567 890
ko: 573.54
1,234,567,890
ja_JP: 573.54
1,234,567,890
th: 573.54
1,234,567,890
th_TH: 573.54
1,234,567,890
th_TH_TH_#u-nu-thai: ๕๗๓.๕๔
๑,๒๓๔,๕๖๗,๘๙๐
